           NA -0.4502831737 -0.6522560301 -0.3269856902  0.7044636965 -1.3875208734  0.3233970320 -1.1740976366  0.8456651093 -0.0531041819
           NA -0.0136082373 -1.9226385544 -0.7130735850  1.4447711412 -0.0096507769  0.3475294855 -0.4714647649 -1.2706109439 -0.2500875278
           NA  2.5622940516 -0.6063266871 -0.2720597523  0.7764743252 -1.0768264257 -1.4347359469  0.5747127522 -2.1090537814 -0.1105766686
           NA -1.2626679260  0.6599863551  0.5620011699 -0.0992498771 -0.7839360324 -1.7489540898  1.0625127524 -0.6086085587  0.7871770170
           NA  1.1334214646 -0.7744784284 -0.8590754996 -1.6089688985 -0.9770545646  0.9863755067 -0.8222751592 -0.8165704103 -0.1839363534
           NA -0.5938442052 -1.7467902467 -0.4466374812  0.1962165058  0.1815401126  0.3132392616 -1.9611788938  1.2332937788  0.3123306362
           NA  0.1934229712 -0.6445432956 -0.8009476978  0.8186837593  1.2367765228  0.0851521694  0.3740781270  0.6285062870 -0.1802749748
           NA  1.5298569351  1.2409128106 -1.6034628691 -0.7877701233 -0.8112805679 -0.0817835690 -0.6580678874 -0.9746491568  1.3019334195
           NA  1.7146141043 -0.2161914088 -1.0089594781 -0.7606471861  0.6272980939 -1.4348770784  1.3240623583  2.5060393689  0.3604670200
           NA  1.7031104828  0.6541562486  0.6562947581 -0.1779274912 -0.2955058829  1.3471069219 -0.4786850222  0.3316351249  1.0695282896
-1.5367131151  1.5951625567  0.5199302145  0.0840097519 -1.9380829053  0.0956565883 -0.6372467979  0.9531975500 -0.7842640364 -0.6006142183
 0.5316223525 -0.6522452692  1.8158737205  0.0428035068  0.3061556578 -1.2853652615  0.2663872611  1.6937375430 -1.3540979404  1.0749044934
 0.1775417342  0.5382977757 -0.0826136190 -0.0362890642 -0.0989418361 -0.4546492063 -1.0605758072  1.8400826526 -0.3528936984 -1.5803030956
-0.4551782197  0.6637892451  0.2762807681 -0.4540843150  1.9172609777 -0.1150140055  0.3593114515  0.3927026377  1.0646378277 -0.0867440763
-0.5242221281 -0.9391489271 -0.5463653016 -0.9774712771  0.0708883454  0.6124765236 -0.2190550171  1.1163468732  1.2663175063 -1.1684404697
 0.1744275933  0.3655829206  1.7243105235 -0.4302102356 -0.4075167184 -0.2863361384 -1.3623357428 -0.0276853909 -0.9689234711  0.7999499206
-0.6551347707 -1.4376003817 -0.1359830421 -0.5181635315  0.2489432982 -0.7103892752  0.4424171469  1.4552033063 -0.7406278099  1.5889868355
 1.1703344090 -1.0570250156 -2.4893216603 -0.1483536336 -0.6626197932 -0.8669586638 -1.3936798876  1.2471616153 -1.6651635069 -0.9729969097
-0.7411235304 -0.0897831182  0.4169197798 -0.0846378711  1.3533779855 -2.3846799991 -0.0861546496 -1.4185165091  0.4340052057  0.4394146372
 0.4943003417  0.5963362942  1.9698492159 -0.9713864258  1.3447106234 -1.6520196264  0.0950306699 -0.0701089515  2.3027735260  1.2824084610
-0.0599924282  0.0529270613  0.7476201824 -0.1311491113 -0.6526549031 -0.8271794719  1.4660188344  1.3913426025  0.7964896219 -0.7510167242
 0.7537002951  0.4398913483 -0.0956985441  0.8784508938  2.7237311021  0.0865986801 -0.0219246931 -0.2403378761 -0.8999218817 -0.7323359190
 0.9763583420  0.3211128357  0.4720771215  0.1180139268  1.4906897327 -0.2923927803  0.9172420960 -1.2330400187  1.5114668661  1.1895899040
 0.4352698476  1.3218644261  0.2144237162 -1.3230079164  0.6116204234  0.0006424667 -0.0333468196  0.6811475146  0.1173306913 -0.9569032529
-0.8152067001 -0.4102163759  0.2864928495  1.3412374424 -2.4509812014 -1.0579832354 -0.8436357488  0.9276307097 -0.3711030968  1.1409300376
-0.9799655198 -2.1361043761 -0.6797837017 -0.3693076581 -0.0965942508  0.3359851759 -0.3217339635  0.8886853171  0.1194583835 -0.5436746122
-0.1810059345  0.4657861731  0.1093830264  1.6451638909 -2.2318112383 -0.5869548271  0.8384142425  1.0120462443  1.6978316172 -1.8022168562
 0.2627436230  1.3370281863  1.4632208657 -0.2312846544  0.0513681430 -2.3726476430 -1.8310971788 -0.4763803726 -1.5837269095  0.7961172107
-0.6777346464  0.4859969936  0.8798399869  1.2494706642 -0.1786877751 -0.0564812710 -0.3410169248 -0.6431212453 -1.4197054143  0.2883233496
 0.4314982438  0.6222355827  0.1655225440 -0.8484934692  0.5239889626 -1.2552020201 -0.8095380012 -1.5597859907 -0.1821371484  0.3330145746
 1.1233003657  1.5277257318 -0.0517786115  0.6576660521  1.7862769302 -0.5596517923  0.0241169384 -0.5956995710  0.6994263315  1.1517193710
-0.7182833076 -1.2354981452 -1.1304520431  2.4158417442 -0.0080413726 -1.3751187079 -1.8204723475  0.5859230786 -0.3807491156  0.1739151884
-0.3539700494  0.1228526245  0.2963059311  0.0274679860 -0.1531320111 -0.4487199004  1.9223505964 -0.3488024051 -0.3794553335 -0.5939076671
-0.0817605679 -1.2201447568  1.6931498680 -0.9733250870  0.8457406765  1.0372500139 -1.0953719162 -0.5565415912  0.1988490406 -1.1666832234
-2.0441776784 -0.6124425394  0.5689916758 -0.5273691505 -0.7994528888 -1.2978105708  0.4456275147  0.0727512950  1.9089693382 -0.9556352350
 1.0570764329 -1.3805489975  0.2748034815 -0.7477625630  0.9350380479 -0.4132038169 -0.6591541111  0.4129576097  0.8511172924  1.2328243943
 1.1529789426 -0.9155284347 -1.0276731919  1.3021260129  0.8118010817  0.0303057299  0.4102580712 -0.8380973699  1.5980169241 -1.9664167908
 0.3739959221 -0.0284088343 -0.5085853928  0.3349446830 -0.1289797623  1.2535619448 -3.0002655218 -0.4377212247  0.8586175300  0.9810147152
 0.7412524508 -1.9793174547 -1.5705216519  0.3225020928 -0.6504078019  1.0948155443 -0.7207138763  1.5683164402 -0.5975258792 -0.4262628474
 1.6172342568  1.8246497465 -1.2049613697 -0.8861008397  1.5165532125 -0.7190002995  0.5311412009  0.1082510270 -0.7189339979 -1.2721203097
 1.5597935342  0.0059566360 -2.2656023723 -2.8514499723  2.0615349960  0.4433195485 -0.6875058035  0.4537866575  0.3812153381  0.4275036783
 1.4280082601 -1.3968134337 -0.4656541066  0.0420165212  0.3071657738  1.0105422900  0.2824150532 -0.6072045009  0.3434399732 -0.7426335472
-0.4077966598  2.4085722376 -0.0438421797  1.2196956583 -0.4749615200 -1.0146520631  1.6945561072 -0.7817958538 -1.5403948513  0.4957938553
 0.4289741785 -0.0033409532  0.3695631060 -0.6507091028  0.9182604286  1.4664381323 -0.8546073288  0.4595399279 -0.0549013156 -0.2960326047
-0.0986289086 -0.2250559561  0.4781188802  2.3353490203  0.1351807985 -0.6702406555 -0.2883770953  0.9991963276  1.3820608311 -0.5672355416
 2.5662800753 -0.3850272345 -0.3469455507  0.0901103940  0.7777013934 -0.5257481780 -0.2495807008 -0.4676937891  1.7872121294  0.3312181124
 1.4126891964  0.7044202416 -1.2008822435 -0.6331821071 -1.0954346664 -0.6361374114  0.3272952361 -0.8924507170 -0.0815516030 -0.7073218790
 0.6494420812 -0.0167446087  0.0640409690  0.6798885843  1.0274969488 -0.9120533327  1.0521734071 -1.0606140930 -0.8736685431  2.1300360178
-0.7933609841 -0.2797070193  0.3040379489 -0.7351844028  1.0529809070  1.1811283236 -0.6096655905  0.2460000900  0.8335119284  0.5204566003
-0.7073915499  0.3930387755  1.0423342665 -0.3602926113  1.6435819161 -0.3161324462  0.3336032488  0.2536082113  0.4944895586 -0.9674872093
-1.7306835156  0.2689987914  0.7634324700 -2.5296782647 -0.6580011262 -1.6283630339 -0.6626263472 -1.7086667581 -0.6445635098  1.2920603931
 1.2224584868 -0.4371507360  0.5322263824 -0.9778800447 -0.1195390145 -0.9538359390 -1.4831861548 -2.0358445843 -0.5439061004 -0.5582675800
-0.1304577797  0.9683935780 -0.3783076429  1.7907091293 -1.0964837367  0.9280097709 -0.4880450786  0.3427534914  0.1849636211  0.6891389810
-1.0548926395  0.2734643338  0.1097055452 -1.0558742221  1.0592601546  0.1557683868 -0.1251249386  1.7172475098  0.2194687396 -0.3824776493
-0.0652317772  1.4998401229  0.6889267293  0.7316118287  1.9580185652 -0.4385583384  0.3633393382 -0.1724556263  0.5473867847 -1.5112185478
 0.1080726531  1.7875999302  0.6022113096 -0.3103111471  0.7986061140 -0.2223069844 -0.1482972865 -0.5607667142  0.3800473126 -0.5108716851
 1.2751809530 -1.0045419632  0.2243744791  0.8030122998 -1.8591814355 -0.6705884197  1.3193684217  1.6040557148  0.0203606230  0.4067160726
 0.8686842171  0.9099229783  1.0140221316  0.6072257379  0.0006427578  0.6659673612 -0.0136909408 -0.2684315372 -0.0566553823  0.2767787508
-0.7760868405  0.5853919565  0.7360231841 -0.6438202889 -0.0419405950 -0.2864731556  0.7676275174  0.8528270116 -0.7017678582  2.9249031295
 0.2833101454 -2.1494167140 -0.6312175454  0.2504071812 -1.2529209890  0.2827310346 -1.5121016795  0.1502220161  0.2457738760 -0.9718148389
-0.4798180088  2.1983647054 -0.3943402547 -0.4793246725 -1.0939380613 -1.7817152289 -0.8089284213 -0.6053801536 -0.8034900937  1.3427597689
 0.9086323011  0.9970845107  1.2377853279 -0.1117098863  0.5963550493  0.5005791387 -0.8183707488 -0.7768527626  0.9480661165  0.5865004931
-0.3906595195  0.8945088580 -1.6590237039 -0.2756384702 -3.1119034763  1.0870252869 -3.5103722243 -1.1623166407 -0.6651158956 -2.1904751183
-0.0544855547 -0.6198153463 -0.7485198725  0.1232445587 -0.1522446447 -1.4055973776  0.9942330865 -0.6578756134 -0.5588405637 -0.2058027132
 0.3733442643 -0.5471536386 -0.7097569290 -0.2315874994  0.5855026729 -1.2480206898 -1.9751098489 -1.2967823167  1.3571270101 -0.4975348723
 0.2961272372  2.8271036500 -1.8962820770 -1.0141353108  1.4462242992 -1.5789077929  0.1191339182 -1.4749187004  1.2305268448 -0.6831698207
-1.3581718102 -0.8090760758 -1.1954046773 -0.0878696399  1.0972194586 -0.0891412435  0.4173200960  0.5690786425 -0.6335723323  1.0495323173
 2.1733713540 -0.7169735186 -1.0470932353 -0.8556096586  1.3060951830 -0.0306123308 -1.0608453289 -1.1564675185 -0.7631873029 -0.6812335705
-1.4484710737 -1.3830022544 -1.1277767629  2.4835870443  1.0049638187 -0.8771243863  1.0634916873  1.6127665531  0.2447278510 -0.4385793189
 0.7385989606  0.8217949226  1.3859892992 -0.9157876936  0.3367263619  0.9107910829  1.2366147125 -1.9717538549 -1.3021829653 -0.1720216668
 1.2711402219 -0.7016742120  0.3256838139  0.2557316774 -0.9820325669 -0.4295310544  0.0223874231  0.9898660905  0.3160178113 -0.0075335841
-0.0306540904  1.0215071886 -0.3390363247 -0.8424890932 -0.8832514127  0.2774584526  0.2609510703 -0.6615436066 -0.7420290122 -0.6422617385
 0.1844279956 -0.0524411048 -1.8394448048  1.7943970726  0.0048832457 -0.4166939801  0.0251218957 -0.0250930043  0.4122538468 -0.0174234974
 0.0127193541  0.1106816573 -1.0204103573 -0.6326590960  1.0253191344 -0.3422718260 -0.7549331865 -3.9619426125 -1.4359495915 -0.7414896103
 0.8650441876  1.0506809869 -2.7607146270 -1.6443672776  1.1020647958 -0.0944397964  0.5103706564 -0.2655842405 -0.7439403592  1.5597292082
 0.3883104438  2.4348264148  0.9198343572 -1.1030639231 -0.0485131366 -1.1410003283 -0.9405414957  0.1994579671 -1.7080366878  0.0743286821
-0.2698966672 -1.6362834362 -0.3908094978 -0.5461032973  0.8919134551  0.2009389843  0.4897149683 -0.1878476912  1.2396006275  0.4624760463
 0.0493260826 -3.0537246596  1.9842969284 -1.8617003996  1.1970517434  0.0521434249 -1.0423883358  0.1082119914 -0.6927232326  0.6587710020
-1.5316161320  1.2729568035  1.0046750673  0.2226839488  0.0678566504 -1.0221195930 -0.6579895159 -0.3303563327  1.1004581692 -0.9941413602
-0.3576663147  0.0988263604  0.7720912778 -0.7968301725  2.1580199816 -1.3863548997 -1.3951238942 -0.9524564992 -1.9229539947  0.1642205538
-0.3208775781  0.5496430904  0.7358329022  0.3856761178  0.9309085179 -1.0259473837  1.0405208424 -0.9584542123 -0.2749967751 -2.1235674852
 0.5197997335 -0.1590317446 -1.3474379913  2.0872440656 -0.2723438491  0.6386189461 -2.1459322682 -1.1054217920  1.3900627849  1.9690304028
-0.3223519147  0.9817455502  0.1077495786 -1.2873554553  0.3468666808  1.0273768319 -0.9069128052  1.5941637714 -2.3940855178  0.5088586668
 0.1358084330  0.6273027123  0.3791247174 -0.5462549963  0.8942026751 -0.1558631812 -1.5942284110 -0.0539139030 -0.5261110902  0.8022581420
 0.1829843671 -2.3312013273 -0.5689889286  0.3054189708 -1.1188821981  0.5226239491 -0.7005303673  0.1228174600 -0.0668443667 -1.2346630973
 1.2718929330 -0.3597248228  1.6311630660 -0.3422150649 -0.2507368159  1.5414254892 -0.9342053265 -0.6767568479  0.7644988082  0.9175480269
-0.8436748380 -0.7442902020  0.1413750673  0.1336210707 -0.5397839397 -0.9429697258  1.4842980800 -1.3933778400  1.7854698169  0.8887546583
 0.6466707354 -0.6447767611  0.9589905826  0.3490523209  1.6615892453 -1.9919183987  1.1421738349  0.7667534799  0.2674946699 -0.1030088684
 0.9471535403 -0.9571665656 -0.7034122799  0.1466890653  0.4796410487 -1.2828913062 -1.5179343720 -1.1080816446  0.1445457582  2.5085887252
 1.3727164230 -0.9025753284 -2.2283388992 -0.2719481945  0.6916567605  1.4225556403 -0.2203429717  0.5623267806  0.2391190474  0.5488614077
-1.1981962864  1.1689890950 -0.5687855069 -1.5116476927  0.4785724219  0.4890229773  0.5356598242 -0.1510367531 -0.1607068252  1.3439588743
 1.5204287923  1.4365611860 -0.7687106756 -0.8963545335  0.6195760989 -0.7985407438 -1.4120162222  0.3753089758 -0.5675612982  1.2569933115
 0.6881737733  0.6307856447 -0.8548158044 -0.7218106417 -0.3598381937 -0.5055509766  0.1730808823 -0.2869813919  0.3764452491 -0.9587234708
-2.3961503383  0.4375511379 -0.0513943807  0.2445924365 -2.9651694625 -0.4979277940 -0.9106976111 -0.7724120092  1.3741873628 -1.7251251267
-0.1002319310 -0.9489769613 -0.4787484602 -1.4411961009 -0.6979835942 -0.7790761020 -0.7380934745  0.8560439044 -1.0144793053  0.2772396328
-1.0469439068  1.1918658654  0.5375827178 -0.9882193419  0.9459492475  0.2172233154  0.2553116423 -0.7957114380  0.3230272388 -0.6781583053
-0.1065551281  1.4432710737 -0.5052265424  0.5735528156 -1.2149470050 -0.6110846542  0.0605365867 -0.2779017703 -1.3809479269  1.8222270382
 0.8284167082  0.0243793183  0.3281526975 -0.0144962814  1.5838242631  0.0507860363  1.0443233054  1.1597841503 -0.9670891134  1.3315113673
 0.3286789318 -1.2437105729  2.1343428824  0.5721703159 -1.3879565020  0.2866841257  0.3727732805  1.1938151439  0.6781383260 -0.0165287483
 1.6877234360  0.6360566166 -0.1241730263 -1.8099438141 -1.4120408097 -0.3058775642  0.7846384827 -0.5738609618  0.1007625118  0.1026235774
